lat_north  = 41.729630
lat_south  = 41.727555
lon_west   = -69.993042
lon_east   = -69.988639
datum_lat  = 41.728333
datum_lon  = -69.990278
