lat_north  = 42.359772
lat_south  = 42.356289
lon_west   = -71.090820
lon_east   = -71.083806
datum_lat  = 41.739191
datum_lon  = -69.992287
