lat_north  = 42.360269
lat_south  = 42.352129
lon_west   = -71.094003
lon_east   = -71.080592
datum_lat  = 42.358436
datum_lon  = -71.087448
