lat_north  = 41.740800
lat_south  = 41.737500
lon_west   = -69.995398
lon_east   = -69.989251
datum_lat  = 41.739191
datum_lon  = -69.992287
