lat_north = 42.360536
lat_south = 42.347967
lon_east  = -71.083758
lon_west  = -71.111481
datum_lat = 42.358436
datum_lon = -71.087448
