lat_north  = 42.359772
lat_south  = 42.356289
lon_west   = -71.090820
lon_east   = -71.083806
datum_lat  = 42.358436
datum_lon  = -71.087448
