lat_north = 42.360740
lat_south = 42.35043
lon_east  = -71.07322
lon_west  = -71.11167
datum_lat = 42.358436
datum_lon = -71.087448
