lat_north  = 41.739640
lat_south  = 41.708778
lon_west   = -70.007996
lon_east   = -69.951028
datum_lat  = 41.728333
datum_lon  = -69.990278
