lat_north  = 41.729859
lat_south  = 41.726765
lon_west   = -69.993402
lon_east   = -69.986956
datum_lat  = 41.739191
datum_lon  = -69.992287
